4
100
1
0.0
0.0
0.0
0.0
0.0
0.0
0.0
0.0
0.0
0.0
0.0
0.0
0.0
0.0
0.0
0.0
0.0
0.0
2.0
5.200000000000001
5.200000000000001
4.4
4.800000000000001
5.600000000000001
5.600000000000001
6.000000000000002
6.400000000000002
6.400000000000002
4.900000000000001
7.100000000000001
7.200000000000003
7.200000000000003
7.200000000000003
7.600000000000003
7.600000000000003
7.600000000000003
5.8000000000000025
7.200000000000003
7.200000000000003
7.000000000000003
4.600000000000001
4.600000000000001
4.400000000000001
6.200000000000002
6.000000000000002
6.000000000000002
6.000000000000001
5.800000000000001
5.800000000000001
5.600000000000001
5.600000000000001
5.800000000000001
5.800000000000001
6.000000000000001
6.6
6.6
6.799999999999999
5.199999999999999
7.399999999999999
7.399999999999999
7.999999999999999
8.2
8.2
8.2
8.6
10.2
10.2
8.0
9.400000000000002
9.400000000000002
7.000000000000002
6.400000000000002
8.000000000000004
8.000000000000004
7.600000000000003
7.200000000000003
7.200000000000003
6.400000000000002
9.200000000000001
10.0
10.0
2.0
0.0
0.0
0.0
0.0
0.0
0.0
0.0
0.0
0.0
0.0
0.0
0.0
0.0
0.0
0.0
0.0
0.0
0.0
2
0.0
0.0
0.0
0.0
0.0
0.0
0.0
0.0
0.0
0.0
0.0
0.0
0.0
0.0
0.0
0.0
0.0
0.0
0.0
0.0
0.0
0.899954085146542
4.808326112068549
6.722514166189682
6.299678596025598
5.5140043947072135
5.536860371472856
6.5568083346388875
6.019692880646691
6.305392590217011
6.591092299787333
7.231059649224862
8.339574522357704
8.249579113843044
7.543900831204357
8.186725177737593
8.472424887307897
7.371052506914309
6.551094340447477
4.808326112068523
5.722565182693559
6.602520288170138
6.539666352064685
6.24825264830293
5.93969696196701
6.711086177806862
5.873986028765825
6.268251627972874
6.17111372671895
6.285393610547093
7.285342594043216
7.495331880577398
8.089587276483686
9.156675691728827
9.076679773049129
8.39100047008036
9.162389685920242
9.736646102156584
8.953828897933889
8.232437131268831
7.289628089686763
8.443854916350862
9.209530137999334
9.230957616217108
9.425233418724929
9.103821245458311
9.380949963741532
8.659558197076459
8.00816285925613
7.722463149685803
7.436763440115488
7.9624509057248805
7.996734870873318
8.336717525262
8.062445804074496
9.419519424533524
10.985153832978881
5.813989089756051
0.899954085146542
0.0
0.0
0.0
0.0
0.0
0.0
0.0
0.0
0.0
0.0
0.0
0.0
0.0
0.0
0.0
0.0
0.0
0.0
0.0
0.0
0.0
3
0.0
0.0
0.0
0.0
0.0
0.0
0.0
0.0
0.0
0.0
0.0
0.0
0.0
0.0
0.0
0.0
0.0
0.0
0.0
0.0
0.0
0.0
0.0
0.0
0.0
0.0
10.0
10.0
7.600000000000002
8.800000000000004
9.600000000000005
9.600000000000005
8.400000000000002
9.200000000000003
9.200000000000003
9.600000000000005
8.200000000000003
5.800000000000002
5.800000000000002
6.600000000000002
7.600000000000002
7.600000000000002
6.000000000000002
8.600000000000001
9.3
9.3
8.2
8.8
8.8
13.300000000000002
13.300000000000002
10.899999999999997
10.899999999999997
9.299999999999999
10.1
10.1
9.400000000000002
6.8000000000000025
8.600000000000003
8.600000000000003
7.800000000000003
7.400000000000003
7.400000000000003
10.000000000000004
9.600000000000005
9.200000000000003
9.200000000000003
8.400000000000002
9.600000000000005
9.600000000000005
8.800000000000004
7.600000000000002
10.0
10.0
0.0
0.0
0.0
0.0
0.0
0.0
0.0
0.0
0.0
0.0
0.0
0.0
0.0
0.0
0.0
0.0
0.0
0.0
0.0
0.0
0.0
0.0
0.0
0.0
0.0
0.0
4
0.0
0.0
0.0
0.0
0.0
0.0
0.0
0.0
0.0
0.0
0.0
0.0
0.0
0.0
0.0
0.0
0.0
0.0
0.0
0.0
0.0
0.8999540851465356
5.813989089756117
10.985153832978888
9.419519424533503
8.062445804074496
8.336717525261998
7.996734870873322
7.962450905724879
7.436763440115489
7.722463149685809
7.83102903932253
8.002448865064725
8.532421826317671
8.158155206780549
8.493852365525678
8.665272191267873
8.6438447130501
7.878169491401629
6.723942664737531
7.781031590147725
8.553849304535452
9.170960677207338
8.719555136086221
7.982449885394804
8.510994348099906
8.590990266779594
8.061017305526635
8.335289026714161
8.136727728562773
6.851079035496309
6.736799151668203
6.536809354968959
5.722565182693555
6.428243465332262
5.813989089756055
6.248252648302961
7.028212855429923
7.451048425594007
6.739656148763901
6.11111678770919
8.22672313707742
8.589561768231727
8.690985165129202
8.136727728562771
7.543900831204353
8.249579113843053
8.339574522357701
7.231059649224854
6.591092299787327
6.305392590217012
6.0196928806466925
6.556808334638894
5.536860371472839
5.51400439470722
6.299678596025604
6.722514166189683
4.808326112068516
0.8999540851465356
0.0
0.0
0.0
0.0
0.0
0.0
0.0
0.0
0.0
0.0
0.0
0.0
0.0
0.0
0.0
0.0
0.0
0.0
0.0
0.0
0.0
